object Form1: TForm1
  Left = 0
  Top = 0
  Caption = 'Form1'
  ClientHeight = 480
  ClientWidth = 640
  FormFactor.Width = 320
  FormFactor.Height = 480
  FormFactor.Devices = [Desktop]
  DesignerMasterStyle = 0
  object CornerButton1: TCornerButton
    Align = Top
    Margins.Left = 8.000000000000000000
    Margins.Top = 8.000000000000000000
    Margins.Right = 8.000000000000000000
    Margins.Bottom = 8.000000000000000000
    Position.X = 8.000000000000000000
    Position.Y = 8.000000000000000000
    Sides = [Top, Left, Bottom, Right]
    Size.Width = 624.000000000000000000
    Size.Height = 50.000000000000000000
    Size.PlatformDefault = False
    TabOrder = 0
    Text = 'CornerButton1'
    XRadius = 3.000000000000000000
    YRadius = 3.000000000000000000
    OnClick = CornerButton1Click
  end
  object Memo1: TMemo
    Touch.InteractiveGestures = [Pan, LongTap, DoubleTap]
    DataDetectorTypes = []
    Align = Client
    Margins.Left = 8.000000000000000000
    Margins.Top = 8.000000000000000000
    Margins.Right = 8.000000000000000000
    Margins.Bottom = 8.000000000000000000
    Size.Width = 624.000000000000000000
    Size.Height = 398.000000000000000000
    Size.PlatformDefault = False
    TabOrder = 1
    Viewport.Width = 620.000000000000000000
    Viewport.Height = 394.000000000000000000
  end
  object Edit1: TEdit
    Touch.InteractiveGestures = [LongTap, DoubleTap]
    TabOrder = 3
    Position.X = 264.000000000000000000
    Position.Y = 184.000000000000000000
  end
end
